Darkrai 16-XX 070 090 090 135 090 125 491
Arceus 00-XX 120 120 120 120 120 120 493
Mewtwo 13-XX 106 110 090 154 090 130 150
Victini 09-13 100 100 100 100 100 100 494
Heatran 09-08 091 090 106 130 106 077 485
Hydreigon 16-15 092 105 090 125 090 098 635
Yveltal 16-02 126 131 095 131 098 099 717
Xerneas 17-XX 126 131 095 131 098 099 716
Zekrom 15-12 100 150 120 120 100 090 644
Reshiram 15-09 100 120 100 150 120 090 643
Solgaleo 13-08 137 137 107 113 089 097 791
Lunala 13-07 137 113 089 137 107 097 792